{
 "cells": [
  {
   "cell_type": "markdown",
   "metadata": {},
   "source": [
    "# Regresión lineal múltiple con el método curve_fit() de Scipy"
   ]
  },
  {
   "cell_type": "code",
   "execution_count": 1,
   "metadata": {},
   "outputs": [],
   "source": [
    "import numpy as np\n",
    "import pandas as pd\n",
    "from scipy.optimize import curve_fit\n",
    "import time\n",
    "import sys"
   ]
  },
  {
   "cell_type": "markdown",
   "metadata": {},
   "source": [
    "Al igual que en los casos anteriores, cargamos el data set y transformamos las variables categóricas en numéricas"
   ]
  },
  {
   "cell_type": "code",
   "execution_count": 2,
   "metadata": {},
   "outputs": [
    {
     "data": {
      "text/html": [
       "<div>\n",
       "<style scoped>\n",
       "    .dataframe tbody tr th:only-of-type {\n",
       "        vertical-align: middle;\n",
       "    }\n",
       "\n",
       "    .dataframe tbody tr th {\n",
       "        vertical-align: top;\n",
       "    }\n",
       "\n",
       "    .dataframe thead th {\n",
       "        text-align: right;\n",
       "    }\n",
       "</style>\n",
       "<table border=\"1\" class=\"dataframe\">\n",
       "  <thead>\n",
       "    <tr style=\"text-align: right;\">\n",
       "      <th></th>\n",
       "      <th>age</th>\n",
       "      <th>sex</th>\n",
       "      <th>bmi</th>\n",
       "      <th>children</th>\n",
       "      <th>smoker</th>\n",
       "      <th>region</th>\n",
       "      <th>charges</th>\n",
       "    </tr>\n",
       "  </thead>\n",
       "  <tbody>\n",
       "    <tr>\n",
       "      <th>0</th>\n",
       "      <td>19</td>\n",
       "      <td>female</td>\n",
       "      <td>27.900</td>\n",
       "      <td>0</td>\n",
       "      <td>yes</td>\n",
       "      <td>southwest</td>\n",
       "      <td>16884.92400</td>\n",
       "    </tr>\n",
       "    <tr>\n",
       "      <th>1</th>\n",
       "      <td>18</td>\n",
       "      <td>male</td>\n",
       "      <td>33.770</td>\n",
       "      <td>1</td>\n",
       "      <td>no</td>\n",
       "      <td>southeast</td>\n",
       "      <td>1725.55230</td>\n",
       "    </tr>\n",
       "    <tr>\n",
       "      <th>2</th>\n",
       "      <td>28</td>\n",
       "      <td>male</td>\n",
       "      <td>33.000</td>\n",
       "      <td>3</td>\n",
       "      <td>no</td>\n",
       "      <td>southeast</td>\n",
       "      <td>4449.46200</td>\n",
       "    </tr>\n",
       "    <tr>\n",
       "      <th>3</th>\n",
       "      <td>33</td>\n",
       "      <td>male</td>\n",
       "      <td>22.705</td>\n",
       "      <td>0</td>\n",
       "      <td>no</td>\n",
       "      <td>northwest</td>\n",
       "      <td>21984.47061</td>\n",
       "    </tr>\n",
       "    <tr>\n",
       "      <th>4</th>\n",
       "      <td>32</td>\n",
       "      <td>male</td>\n",
       "      <td>28.880</td>\n",
       "      <td>0</td>\n",
       "      <td>no</td>\n",
       "      <td>northwest</td>\n",
       "      <td>3866.85520</td>\n",
       "    </tr>\n",
       "  </tbody>\n",
       "</table>\n",
       "</div>"
      ],
      "text/plain": [
       "   age     sex     bmi  children smoker     region      charges\n",
       "0   19  female  27.900         0    yes  southwest  16884.92400\n",
       "1   18    male  33.770         1     no  southeast   1725.55230\n",
       "2   28    male  33.000         3     no  southeast   4449.46200\n",
       "3   33    male  22.705         0     no  northwest  21984.47061\n",
       "4   32    male  28.880         0     no  northwest   3866.85520"
      ]
     },
     "execution_count": 2,
     "metadata": {},
     "output_type": "execute_result"
    }
   ],
   "source": [
    "datos = pd.read_csv(\"./insurance.csv\")\n",
    "datos.head()"
   ]
  },
  {
   "cell_type": "code",
   "execution_count": 3,
   "metadata": {},
   "outputs": [],
   "source": [
    "datos['sex'].replace({'female' : 0, 'male' : 1}, inplace= True)\n",
    "datos['smoker'].replace({'no': 0, 'yes': 1}, inplace= True)\n",
    "datos = pd.get_dummies(datos)"
   ]
  },
  {
   "cell_type": "code",
   "execution_count": 4,
   "metadata": {},
   "outputs": [
    {
     "data": {
      "text/html": [
       "<div>\n",
       "<style scoped>\n",
       "    .dataframe tbody tr th:only-of-type {\n",
       "        vertical-align: middle;\n",
       "    }\n",
       "\n",
       "    .dataframe tbody tr th {\n",
       "        vertical-align: top;\n",
       "    }\n",
       "\n",
       "    .dataframe thead th {\n",
       "        text-align: right;\n",
       "    }\n",
       "</style>\n",
       "<table border=\"1\" class=\"dataframe\">\n",
       "  <thead>\n",
       "    <tr style=\"text-align: right;\">\n",
       "      <th></th>\n",
       "      <th>age</th>\n",
       "      <th>sex</th>\n",
       "      <th>bmi</th>\n",
       "      <th>children</th>\n",
       "      <th>smoker</th>\n",
       "      <th>region_northwest</th>\n",
       "      <th>region_southeast</th>\n",
       "      <th>region_southwest</th>\n",
       "    </tr>\n",
       "  </thead>\n",
       "  <tbody>\n",
       "    <tr>\n",
       "      <th>0</th>\n",
       "      <td>19</td>\n",
       "      <td>0</td>\n",
       "      <td>27.900</td>\n",
       "      <td>0</td>\n",
       "      <td>1</td>\n",
       "      <td>0</td>\n",
       "      <td>0</td>\n",
       "      <td>1</td>\n",
       "    </tr>\n",
       "    <tr>\n",
       "      <th>1</th>\n",
       "      <td>18</td>\n",
       "      <td>1</td>\n",
       "      <td>33.770</td>\n",
       "      <td>1</td>\n",
       "      <td>0</td>\n",
       "      <td>0</td>\n",
       "      <td>1</td>\n",
       "      <td>0</td>\n",
       "    </tr>\n",
       "    <tr>\n",
       "      <th>2</th>\n",
       "      <td>28</td>\n",
       "      <td>1</td>\n",
       "      <td>33.000</td>\n",
       "      <td>3</td>\n",
       "      <td>0</td>\n",
       "      <td>0</td>\n",
       "      <td>1</td>\n",
       "      <td>0</td>\n",
       "    </tr>\n",
       "    <tr>\n",
       "      <th>3</th>\n",
       "      <td>33</td>\n",
       "      <td>1</td>\n",
       "      <td>22.705</td>\n",
       "      <td>0</td>\n",
       "      <td>0</td>\n",
       "      <td>1</td>\n",
       "      <td>0</td>\n",
       "      <td>0</td>\n",
       "    </tr>\n",
       "    <tr>\n",
       "      <th>4</th>\n",
       "      <td>32</td>\n",
       "      <td>1</td>\n",
       "      <td>28.880</td>\n",
       "      <td>0</td>\n",
       "      <td>0</td>\n",
       "      <td>1</td>\n",
       "      <td>0</td>\n",
       "      <td>0</td>\n",
       "    </tr>\n",
       "  </tbody>\n",
       "</table>\n",
       "</div>"
      ],
      "text/plain": [
       "   age  sex     bmi  children  smoker  region_northwest  region_southeast  \\\n",
       "0   19    0  27.900         0       1                 0                 0   \n",
       "1   18    1  33.770         1       0                 0                 1   \n",
       "2   28    1  33.000         3       0                 0                 1   \n",
       "3   33    1  22.705         0       0                 1                 0   \n",
       "4   32    1  28.880         0       0                 1                 0   \n",
       "\n",
       "   region_southwest  \n",
       "0                 1  \n",
       "1                 0  \n",
       "2                 0  \n",
       "3                 0  \n",
       "4                 0  "
      ]
     },
     "execution_count": 4,
     "metadata": {},
     "output_type": "execute_result"
    }
   ],
   "source": [
    "#Variables independientes\n",
    "X = datos.drop(['charges','region_northeast'], axis=1)\n",
    "X = pd.get_dummies(X)\n",
    "X.head()"
   ]
  },
  {
   "cell_type": "code",
   "execution_count": 5,
   "metadata": {},
   "outputs": [
    {
     "data": {
      "text/plain": [
       "0    16884.92400\n",
       "1     1725.55230\n",
       "2     4449.46200\n",
       "3    21984.47061\n",
       "4     3866.85520\n",
       "Name: charges, dtype: float64"
      ]
     },
     "execution_count": 5,
     "metadata": {},
     "output_type": "execute_result"
    }
   ],
   "source": [
    "#Variables dependientes\n",
    "Y = datos['charges']\n",
    "Y.head()"
   ]
  },
  {
   "cell_type": "markdown",
   "metadata": {},
   "source": [
    "Puesto que queremos hacer un análisis de regresión multiple, es decir, con varias variables independientes, tenemos que pasarle como parámetro a la función curve_fit una función en la cual se establece la relación entre las variables independientes"
   ]
  },
  {
   "cell_type": "code",
   "execution_count": 6,
   "metadata": {},
   "outputs": [],
   "source": [
    "t1= time.time()"
   ]
  },
  {
   "cell_type": "code",
   "execution_count": 7,
   "metadata": {},
   "outputs": [],
   "source": [
    "def func(X,a0,a1,a2,a3,a4,a5,a6,a7,a8):\n",
    "    x1 = X.loc[:,'age']\n",
    "    x2 = X.loc[:,'sex']\n",
    "    x3 = X.loc[:,'bmi']\n",
    "    x4 = X.loc[:,'children']\n",
    "    x5 = X.loc[:,'smoker']\n",
    "    x6 = X.loc[:,'region_northwest']\n",
    "    x7 = X.loc[:,'region_southeast']\n",
    "    x8 =  X.loc[:,'region_southwest']\n",
    "    return a0+x1*a1+x2*a2+x3*a3+x4*a4+x5*a5+x6*a6+x7*a7+x8*a8"
   ]
  },
  {
   "cell_type": "markdown",
   "metadata": {},
   "source": [
    "Ahora ya tenemos todo lo necesario para realizar la llamada al método"
   ]
  },
  {
   "cell_type": "code",
   "execution_count": 8,
   "metadata": {},
   "outputs": [],
   "source": [
    "resultado= curve_fit(f= func, xdata = X,ydata= Y)"
   ]
  },
  {
   "cell_type": "code",
   "execution_count": 9,
   "metadata": {},
   "outputs": [
    {
     "name": "stdout",
     "output_type": "stream",
     "text": [
      "Regresion lineal utilizando optimize.curve.fit()\n",
      "Tiempo de ejecucion: 0.14246296882629395 segundos\n"
     ]
    }
   ],
   "source": [
    "t2=time.time()\n",
    "tiempo = float(t2-t1)\n",
    "\n",
    "print('Regresion lineal utilizando optimize.curve.fit()')\n",
    "print(\"Tiempo de ejecucion: {} segundos\".format(tiempo))"
   ]
  },
  {
   "cell_type": "code",
   "execution_count": 10,
   "metadata": {},
   "outputs": [
    {
     "name": "stdout",
     "output_type": "stream",
     "text": [
      "64 bytes\n"
     ]
    }
   ],
   "source": [
    "# Medimos el tamaño en bytes del objeto\n",
    "print(sys.getsizeof(resultado), 'bytes')"
   ]
  },
  {
   "cell_type": "markdown",
   "metadata": {},
   "source": [
    "Los coeficientes son :"
   ]
  },
  {
   "cell_type": "code",
   "execution_count": 11,
   "metadata": {},
   "outputs": [
    {
     "data": {
      "text/plain": [
       "array([-11938.5387315 ,    256.85635299,   -131.31445742,    339.19345129,\n",
       "          475.50054558,  23848.5345485 ,   -352.96346811,  -1035.02166974,\n",
       "         -960.05079222])"
      ]
     },
     "execution_count": 11,
     "metadata": {},
     "output_type": "execute_result"
    }
   ],
   "source": [
    "resultado[0]"
   ]
  },
  {
   "cell_type": "markdown",
   "metadata": {},
   "source": [
    "Además este método también nos devuelve la covarianza de los coeficientes"
   ]
  },
  {
   "cell_type": "code",
   "execution_count": 12,
   "metadata": {},
   "outputs": [
    {
     "data": {
      "text/plain": [
       "array([[ 9.75786719e+05, -4.40174930e+03, -4.36704287e+04,\n",
       "        -2.20606833e+04, -1.52391333e+04, -3.87416652e+04,\n",
       "        -1.13047077e+05, -2.01754577e+04, -8.09194070e+04],\n",
       "       [-4.40174930e+03,  1.41582610e+02,  9.89630535e+01,\n",
       "        -3.97295328e+01, -6.72273881e+01,  1.04514855e+02,\n",
       "         2.17199473e+01,  2.06841018e+02,  3.95991646e+01],\n",
       "       [-4.36704287e+04,  9.89630535e+01,  1.10852636e+05,\n",
       "        -4.46414416e+02, -7.88523530e+02, -1.03277039e+04,\n",
       "         6.59968757e+02,  5.58779733e+02,  5.70936004e+02],\n",
       "       [-2.20606833e+04, -3.97295328e+01, -4.46414416e+02,\n",
       "         8.17929711e+02, -5.05490898e+01,  1.76036733e+02,\n",
       "        -1.76669173e+01, -3.43428888e+03, -1.14747159e+03],\n",
       "       [-1.52391333e+04, -6.72273881e+01, -7.88523530e+02,\n",
       "        -5.05490898e+01,  1.89899681e+04, -5.73963373e+02,\n",
       "        -1.95132499e+03,  1.66937686e+02, -1.74162633e+03],\n",
       "       [-3.87416652e+04,  1.04514855e+02, -1.03277039e+04,\n",
       "         1.76036733e+02, -5.73963373e+02,  1.70695697e+05,\n",
       "         4.81707086e+03, -7.90909865e+03,  4.60419104e+03],\n",
       "       [-1.13047077e+05,  2.17199473e+01,  6.59968757e+02,\n",
       "        -1.76669173e+01, -1.95132499e+03,  4.81707086e+03,\n",
       "         2.26838596e+05,  1.13291481e+05,  1.13767505e+05],\n",
       "       [-2.01754577e+04,  2.06841018e+02,  5.58779733e+02,\n",
       "        -3.43428888e+03,  1.66937686e+02, -7.90909865e+03,\n",
       "         1.13291481e+05,  2.29146223e+05,  1.18032735e+05],\n",
       "       [-8.09194070e+04,  3.95991646e+01,  5.70936004e+02,\n",
       "        -1.14747159e+03, -1.74162633e+03,  4.60419104e+03,\n",
       "         1.13767505e+05,  1.18032735e+05,  2.28419970e+05]])"
      ]
     },
     "execution_count": 12,
     "metadata": {},
     "output_type": "execute_result"
    }
   ],
   "source": [
    "pcov =resultado[1] #covarianza de los coeficientes\n",
    "pcov "
   ]
  }
 ],
 "metadata": {
  "kernelspec": {
   "display_name": "Python 3",
   "language": "python",
   "name": "python3"
  },
  "language_info": {
   "codemirror_mode": {
    "name": "ipython",
    "version": 3
   },
   "file_extension": ".py",
   "mimetype": "text/x-python",
   "name": "python",
   "nbconvert_exporter": "python",
   "pygments_lexer": "ipython3",
   "version": "3.7.3"
  }
 },
 "nbformat": 4,
 "nbformat_minor": 2
}
